within Mostar.Data.PQLim02;
record final_parameters =
    Mostar.Records.PSS (
    Xd=1.183,
    R_a=0.017637/(10.5^2/30),
    H=2.137,
    Xpd=0.371,
    D=0,
    Xq=0.62,
    Xppd=0.215,
    Xppq=0.241,
    Tpd0=3.77,
    Tppd0= 0.0552,
    Tppq0=0.0823,
    Xl=0.1,
    S10 = 0.1,
    S12 = 0.4,
    V_0=0.9625,
    A_0=162.8055,
    P_0=0.056799*30,
    Q_0= -0.175*30,
    T_R = 5.691265336019044,
    T_C1 = 9.90661051089544,
    T_B1 = 12.527620093999877,
    T_C2 = 1.9038027223341267,
    T_B2 = 9.081364829396325,
    K_R = 984.673136788134,
    V_RMAX = 10,
    V_RMIN = -10,
    T_1_AVR = 0.004361481,
    K_C = 7.4119514130501125,
    T_UC1 = 1,
    T_UB1 = 1,
    T_UC2 = 1,
    T_UB2 = 1,
    T_OC1 = 1,
    T_OB1 = 1,
    T_OC2 = 1,
    T_OB2 = 1,
    T_w1 = 14.334370994323384,
    T_w2 = 13.959592260269792,
    T_6 = 0.09086247939937742,
    T_w3 = 17.32161386803394,
    T_w4 = 1e-9,
    T_7 = 17.47054873954709,
    K_S2 = 8.490508453885125,
    K_S3 = 8.626625160227064,
    T_8 = 1.8276872367698223,
    T_9 = 0.840200207532198,
    K_S1 = 22.558139534883722,
    T_1 = 0.15,
    T_2 = 0.025,
    T_3 = 1,
    T_4 = 0.03394982603918697,
    T_10 = 1,
    T_11 = 1,
    V_S1MAX = 0.8,
    V_S1MIN = -0.8,
    V_S2MAX = 1.25,
    V_S2MIN = -1.25,
    V_STMAX = 0.1,
    V_STMIN = -0.1,
    M = 1,
    N = 1);
